Beginning 0 episodes of Training
0
0
0
0
0
0
0
0
0
0
0
0
0
0
0
0
0
0
0
0
0
0
0
0
0
0
0
0
0
0
0
0
0
0
0
0
0
0
0
Pacman died! Score: -508
0
0
-0.2
0
0
0
0
0
0
0
0
0
0
0
0
0
0
0
0
0
0
0
0
0
0
0
0
0
0
0
0
0
0
Pacman died! Score: -506
0.0
0
-0.2
0
0.0
0
0
0.0
0
0
0
0
0
0
0
0.0
0
0
0.0
0
0
0
0
0
0
0
0
0
0
0
0
0
0
0
0
0
0
0
0
0
0
0
0
0
0
0
0
0
0
0
0
Pacman died! Score: -509
0.0
0
-0.2
0
0
0
0
0
0
0
0
0
0
0
0
0
0
0
0
0
0
0
0
0
0
0
0
0
0
0
0
0
0
0
0
0
0
0
0
0
0
0
0
0
0
0
0
0
0
0
0
0
0
0
0
0
0
0
0
0
0
0
0
0
0
0
0
0
0
0
0
0
0
0
0
0
0
0
0
0
0
0
0
0
0
0
0
0
0
0
0
0
0
0
0
0
0
0
0
0
0
0
0
0
0
0
0
0
0
0
0
0
0
0
0
0
0
Pacman died! Score: -510
0.0
0
-0.2
0.0
0.0
0
0.0
0.0
0
0.0
0
0
0.0
0
0
0
0
0
0
0
0
0
0.0
0
0
0.0
0
0
0
0.0
0
0
0.0
Pacman died! Score: -506
0.0
0
-0.2
0
0.0
0
0
0.0
0
0.0
0
0
0.0
0
0
0
0
0
0
0
0
0
0
0
0
0
0
0
0
0
0
0
0
0
0
0
0
0
0
0
0
0
0
0
0
0
0
0
0
0
0
0
0
0
0
0
0
0
0
0
0
0
0
Pacman died! Score: -511
0.0
0
-0.2
0
0.0
0
0
0.0
0
0.0
0
0.0
0.0
0
0.0
0.0
0
0
0.0
0
0
0
0
0
0
0
0
0
0
0
0
0
0
0
0
0
0
0
0
0
0
0
0
0
0
Pacman died! Score: -508
0.0
0
-0.2
0
0
0
0
0
0
0.0
0
0
0.0
0
0
0
0.0
0
0
0.0
0
0.0
0.0
0
0.0
0.0
0
0.0
0
0.0
0.0
0
0.0
0
0
0.0
0
0
0.0
0
0
0.0
0
0
0.0
0.0
0
0
0.0
0
0
Pacman died! Score: -509
0.0
0.0
-0.2
0
0.0
0
0
0.0
0
0.0
0
0.0
0.0
0
0.0
0.0
0
0.0
0.0
0
0.0
0
0
0
0
0
0
0
0
0
0
0
0
0
0
0
0
0
0
0
0
0
0
0
0
0
0
0
0
0
0
0
0
0
0
0
0
0
0
0
0
0
0
0
0
0
0
0
0
0
0
0
0
0
0
0
0
0
0
0
0
0
0
0
0
0
0
0
0
0
0
0
0
0
0
0
0
0
0
0
0
0
0
0
0
0
0
0
0
0
0
Pacman died! Score: -519
0.0
0.0
-0.2
0.0
0
0
0.0
0
0
0.0
0.0
0
0.0
0.0
0
0
0
0
0
0
0
0
0
0
0
0
0
0
0
0
0
0
0
0
0
0.0
0
0
0.0
Pacman died! Score: -507
Average Score: -509.3
Scores:        -508, -506, -509, -510, -506, -511, -508, -509, -519, -507
Win Rate:      0/10 (0.00)
Record:        Loss, Loss, Loss, Loss, Loss, Loss, Loss, Loss, Loss, Loss
